%YAML:1.0
---
image_width: 640
image_height: 480
camera_matrix: !!opencv-matrix
   rows: 3
   cols: 3
   dt: d
   data: [ 1.56842921e+03, 0., 2.89275503e+02, 0.,
       1.57214434e+03, 2.21092150e+02, 0., 0., 1. ]
distortion_coefficients: !!opencv-matrix
   rows: 1
   cols: 5
   dt: d
   data: [ 2.28769970e-02, -4.54632281e+00,
       -3.04424079e-03, -2.06207084e-03,
       9.30400565e+01 ]
