%YAML:1.0
---
aruco_bc_dict: TAG16h5
aruco_bc_nmarkers: 11
aruco_bc_mInfoType: 1
aruco_bc_markers:
   - { id:11, corners:[ [ 1.6463823616504669e-02,
       -3.1995743513107300e-02, -8.0948486924171448e-02 ], [
       -1.6535867005586624e-02, -3.1973216682672501e-02,
       -8.0807052552700043e-02 ], [ -1.6420334577560425e-02,
       -4.7044388949871063e-02, -5.1449835300445557e-02 ], [
       1.6579356044530869e-02, -4.7066915780305862e-02,
       -5.1591265946626663e-02 ] ] }
   - { id:12, corners:[ [ 1.6277873888611794e-02, 1.7556918784976006e-02,
       -9.0706743299961090e-02 ], [ -1.6721529886126518e-02,
       1.7392436042428017e-02, -9.0817674994468689e-02 ], [
       -1.6556220129132271e-02, -1.5606225468218327e-02,
       -9.1064654290676117e-02 ], [ 1.6443183645606041e-02,
       -1.5441742725670338e-02, -9.0953722596168518e-02 ] ] }
   - { id:13, corners:[ [ 5.0488732755184174e-02,
       -4.5422078110277653e-03, -4.7440297901630402e-02 ], [
       4.0472444146871567e-02, 9.6359159797430038e-03,
       -7.5505480170249939e-02 ], [ 2.6289736852049828e-02,
       -1.8689477816224098e-02, -8.4753341972827911e-02 ], [
       3.6306027323007584e-02, -3.2867603003978729e-02,
       -5.6688155978918076e-02 ] ] }
   - { id:14, corners:[ [ 1.4919866807758808e-02,
       -2.6602843776345253e-02, -4.8674941062927246e-03 ], [
       4.1668824851512909e-02, -1.7904149368405342e-02,
       -2.2125132381916046e-02 ], [ 3.2830212265253067e-02,
       -3.8603611290454865e-02, -4.6258330345153809e-02 ], [
       6.0812532901763916e-03, -4.7302305698394775e-02,
       -2.9000692069530487e-02 ] ] }
   - { id:15, corners:[ [ -4.1748154908418655e-02,
       -1.7568718641996384e-02, -2.1883806213736534e-02 ], [
       -1.5128288418054581e-02, -2.6601992547512054e-02,
       -4.5984759926795959e-03 ], [ -6.5203867852687836e-03,
       -4.7404672950506210e-02, -2.8726311400532722e-02 ], [
       -3.3140253275632858e-02, -3.8371399044990540e-02,
       -4.6011641621589661e-02 ] ] }
   - { id:16, corners:[ [ -4.0772832930088043e-02,
       9.7688613459467888e-03, -7.5093418359756470e-02 ], [
       -5.0997689366340637e-02, -4.6976888552308083e-03,
       -4.7251522541046143e-02 ], [ -3.6869235336780548e-02,
       -3.2966740429401398e-02, -5.6751385331153870e-02 ], [
       -2.6644377037882805e-02, -1.8500190228223801e-02,
       -8.4593281149864197e-02 ] ] }
   - { id:17, corners:[ [ -1.6499999910593033e-02,
       1.6499999910593033e-02, 0. ], [ 1.6499999910593033e-02,
       1.6499999910593033e-02, 0. ], [ 1.6499999910593033e-02,
       -1.6499999910593033e-02, 0. ], [ -1.6499999910593033e-02,
       -1.6499999910593033e-02, 0. ] ] }
   - { id:18, corners:[ [ -3.6599393934011459e-02,
       3.4018389880657196e-02, -3.4382820129394531e-02 ], [
       -2.6603983715176582e-02, 1.9638832658529282e-02,
       -6.4128339290618896e-03 ], [ -4.0684159845113754e-02,
       -8.6502563208341599e-03, -1.5924723818898201e-02 ], [
       -5.0679571926593781e-02, 5.7293022982776165e-03,
       -4.3894708156585693e-02 ] ] }
   - { id:19, corners:[ [ -6.0981996357440948e-03,
       4.8147253692150116e-02, -6.2236286699771881e-02 ], [
       -3.2890945672988892e-02, 3.9326570928096771e-02,
       -4.5108996331691742e-02 ], [ -4.1410468518733978e-02,
       1.8438113853335381e-02, -6.9194056093692780e-02 ], [
       -1.4617722481489182e-02, 2.7258800342679024e-02,
       -8.6321346461772919e-02 ] ] }
   - { id:20, corners:[ [ 3.2642416656017303e-02, 3.9316672831773758e-02,
       -4.4933643192052841e-02 ], [ 6.0430821031332016e-03,
       4.8097450286149979e-02, -6.2379941344261169e-02 ], [
       1.4838492497801781e-02, 2.7163481339812279e-02,
       -8.6325913667678833e-02 ], [ 4.1437827050685883e-02,
       1.8382702022790909e-02, -6.8879619240760803e-02 ] ] }
   - { id:21, corners:[ [ 2.6539973914623260e-02, 1.9570911303162575e-02,
       -6.4480900764465332e-03 ], [ 3.6624420434236526e-02,
       3.3893655985593796e-02, -3.4415263682603836e-02 ], [
       5.0536282360553741e-02, 5.5219703353941441e-03,
       -4.3928809463977814e-02 ], [ 4.0451835840940475e-02,
       -8.8007748126983643e-03, -1.5961635857820511e-02 ] ] }
