%YAML:1.0
---
aruco_bc_dict: TAG16h5
aruco_bc_nmarkers: 11
aruco_bc_mInfoType: 1
aruco_bc_markers:
   - { id:0, corners:[ [ 1.5111212618649006e-02, -2.9857784509658813e-02,
       -1.9769530743360519e-02 ], [ -2.7127808425575495e-03,
       -3.5599708557128906e-02, -3.1316630542278290e-02 ], [
       -1.5608402900397778e-02, -2.7525674551725388e-02,
       -1.5425976365804672e-02 ], [ 2.2155910264700651e-03,
       -2.1783750504255295e-02, -3.8788765668869019e-03 ] ] }
   - { id:1, corners:[ [ 2.8447857126593590e-02, -1.3333717361092567e-02,
       -4.8003643751144409e-02 ], [ 1.0789468884468079e-02,
       -1.9201548770070076e-02, -5.9740331023931503e-02 ], [
       4.8558283597230911e-03, -3.3181689679622650e-02,
       -4.3823435902595520e-02 ], [ 2.2514216601848602e-02,
       -2.7313860133290291e-02, -3.2086748629808426e-02 ] ] }
   - { id:2, corners:[ [ 2.7871688827872276e-02, 5.0652325153350830e-03,
       -1.1105570942163467e-02 ], [ 3.4953184425830841e-02,
       -4.1926079429686069e-03, -2.9764208942651749e-02 ], [
       2.5580329820513725e-02, -2.3208420723676682e-02,
       -2.3886419832706451e-02 ], [ 1.8498832359910011e-02,
       -1.3950580731034279e-02, -5.2277818322181702e-03 ] ] }
   - { id:3, corners:[ [ -1.0999999940395355e-02, 1.0999999940395355e-02,
       0. ], [ 1.0999999940395355e-02, 1.0999999940395355e-02, 0. ], [
       1.0999999940395355e-02, -1.0999999940395355e-02, 0. ], [
       -1.0999999940395355e-02, -1.0999999940395355e-02, 0. ] ] }
   - { id:4, corners:[ [ -3.4970857203006744e-02,
       -4.0759514085948467e-03, -3.0336454510688782e-02 ], [
       -2.8449283912777901e-02, 5.2806921303272247e-03,
       -1.1523632332682610e-02 ], [ -1.9186958670616150e-02,
       -1.3680480420589447e-02, -5.3040459752082825e-03 ], [
       -2.5708531960844994e-02, -2.3037124425172806e-02,
       -2.4116868153214455e-02 ] ] }
   - { id:5, corners:[ [ -1.0757617652416229e-02,
       -1.8777824938297272e-02, -5.9648308902978897e-02 ], [
       -2.8698934242129326e-02, -1.3019891455769539e-02,
       -4.8292458057403564e-02 ], [ -2.3109070956707001e-02,
       -2.7087327092885971e-02, -3.2328102737665176e-02 ], [
       -5.1677543669939041e-03, -3.2845258712768555e-02,
       -4.3683953583240509e-02 ] ] }
   - { id:6, corners:[ [ -2.2546485066413879e-02, 2.6990892365574837e-02,
       -3.1559824943542480e-02 ], [ -4.8203524202108383e-03,
       3.2773192971944809e-02, -1.9882956519722939e-02 ], [
       -1.0808195918798447e-02, 1.8877843394875526e-02,
       -3.9122011512517929e-03 ], [ -2.8534328565001488e-02,
       1.3095542788505554e-02, -1.5589067712426186e-02 ] ] }
   - { id:7, corners:[ [ -1.8623068928718567e-02, 1.3192866928875446e-02,
       -5.8552514761686325e-02 ], [ -2.5453573092818260e-02,
       2.2719819098711014e-02, -3.9935816079378128e-02 ], [
       -3.5015746951103210e-02, 3.8796486333012581e-03,
       -3.3802885562181473e-02 ], [ -2.8185242787003517e-02,
       -5.6473026052117348e-03, -5.2419584244489670e-02 ] ] }
   - { id:8, corners:[ [ 1.1545513756573200e-02, 1.0616577230393887e-02,
       -6.3114441931247711e-02 ], [ -1.0450965724885464e-02,
       1.0925062932074070e-02, -6.3358858227729797e-02 ], [
       -1.0757756419479847e-02, -1.1072262190282345e-02,
       -6.3512481749057770e-02 ], [ 1.1238723061978817e-02,
       -1.1380747891962528e-02, -6.3268065452575684e-02 ] ] }
   - { id:9, corners:[ [ 2.5846932083368301e-02, 2.2283349186182022e-02,
       -3.9461091160774231e-02 ], [ 1.9102469086647034e-02,
       1.2948011979460716e-02, -5.8205787092447281e-02 ], [
       2.8355717658996582e-02, -6.0466015711426735e-03,
       -5.2075363695621490e-02 ], [ 3.5100180655717850e-02,
       3.2887351699173450e-03, -3.3330667763948441e-02 ] ] }
   - { id:10, corners:[ [ 4.6970536932349205e-03, 3.2329484820365906e-02,
       -1.9655799493193626e-02 ], [ 2.2545378655195236e-02,
       2.6663687080144882e-02, -3.1202921643853188e-02 ], [
       2.8413489460945129e-02, 1.2675313279032707e-02,
       -1.5268975868821144e-02 ], [ 1.0565164498984814e-02,
       1.8341109156608582e-02, -3.7218537181615829e-03 ] ] }
