[
   {
      "id":1,
      "cameraMatrix":[
         [
            1786.0021057612,
            0.0,
            760.2404009069
         ],
         [
            0.0,
            1786.1793476819,
            529.6904749321
         ],
         [
            0.0,
            0.0,
            1.0
         ]
      ],
      "distCoeffs":[
         [
            -0.5135371247,
            0.5083276791,
            -0.0008162867,
            -0.0009455416,
            -0.8394907678
         ]
      ],
      "R":[
         [
            1.0,
            0.0,
            0.0
         ],
         [
            0.0,
            1.0,
            0.0
         ],
         [
            0.0,
            0.0,
            1.0
         ]
      ],
      "T":[
         [
            0.0
         ],
         [
            0.0
         ],
         [
            0.0
         ]
      ]
   },
   {
      "id":2,
      "cameraMatrix":[
         [
            1783.6934992941,
            0.0,
            732.3949475084
         ],
         [
            0.0,
            1784.8011787947,
            534.8674009426
         ],
         [
            0.0,
            0.0,
            1.0
         ]
      ],
      "distCoeffs":[
         [
            -0.4826808686,
            0.2091793933,
            -0.0006433306,
            0.0002486013,
            0.1153921172
         ]
      ],
      "R":[
         [
            0.7208915261,
            -0.6484472024,
            -0.2446050558
         ],
         [
            0.6546613178,
            0.7529712861,
            -0.0667293134
         ],
         [
            0.2274510201,
            -0.1120288716,
            0.9673239196
         ]
      ],
      "T":[
         [
            276.1897859363
         ],
         [
            111.3258248441
         ],
         [
            37.2099868963
         ]
      ]
   },
   {
      "id":3,
      "cameraMatrix":[
         [
            1773.7259088474,
            0.0,
            727.0639863231
         ],
         [
            0.0,
            1773.9632035962,
            531.828996235
         ],
         [
            0.0,
            0.0,
            1.0
         ]
      ],
      "distCoeffs":[
         [
            -0.4955997614,
            0.3430507745,
            0.0007644326,
            -0.0021585131,
            -0.2479249978
         ]
      ],
      "R":[
         [
            -0.732864844,
            -0.6352990345,
            -0.2435246542
         ],
         [
            0.6444544085,
            -0.5334233731,
            -0.5478485379
         ],
         [
            0.2181459047,
            -0.5584394702,
            0.8003485006
         ]
      ],
      "T":[
         [
            256.8447241529
         ],
         [
            658.4587225369
         ],
         [
            211.7450806635
         ]
      ]
   },
   {
      "id":4,
      "cameraMatrix":[
         [
            1782.5512475346,
            0.0,
            725.0072963679
         ],
         [
            0.0,
            1784.9901769959,
            530.3501218889
         ],
         [
            0.0,
            0.0,
            1.0
         ]
      ],
      "distCoeffs":[
         [
            -0.4955678773,
            0.2918033655,
            0.0017588126,
            0.000009222,
            -0.0001802592
         ]
      ],
      "R":[
         [
            -0.7034161986,
            0.6703654773,
            0.2362536317
         ],
         [
            -0.6597035708,
            -0.4920275683,
            -0.5680669598
         ],
         [
            -0.2645691787,
            -0.5554448658,
            0.7883426607
         ]
      ],
      "T":[
         [
            -289.9198275092
         ],
         [
            629.3422610628
         ],
         [
            221.5778053216
         ]
      ]
   },
   {
      "id":5,
      "cameraMatrix":[
         [
            1765.8937521366,
            0.0,
            720.8305606715
         ],
         [
            0.0,
            1767.4320356062,
            496.6639135875
         ],
         [
            0.0,
            0.0,
            1.0
         ]
      ],
      "distCoeffs":[
         [
            -0.4727276207,
            0.1304975681,
            0.0018098239,
            0.0004974004,
            0.3695601513
         ]
      ],
      "R":[
         [
            0.0203561227,
            0.930676294,
            0.3652769689
         ],
         [
            -0.9380897642,
            0.1441422449,
            -0.3149771539
         ],
         [
            -0.3457936126,
            -0.336250872,
            0.8759920825
         ]
      ],
      "T":[
         [
            -405.5286826131
         ],
         [
            356.9499963847
         ],
         [
            115.1917403561
         ]
      ]
   }
]